Species,AC,AG,AT,CA,CG,CT,GA,GC,GT,TA,TC,TG
Abrothrix_longipilis,0.08596475344012082,0.10812198913502186,0.088379468467608,0.0820294300623394,0.08641945090319039,0.07950250288413808,0.0840550740912344,0.0692290594300696,0.06605387999313697,0.08477389760885286,0.08175865861284234,0.08371183537144519
Acomys_cahirinus,0.08291843127950496,0.0841533789048899,0.08570221045375852,0.10441805279154817,0.08433030381321387,0.0815172729417291,0.08384902341119622,0.06694109022421951,0.07129672711376951,0.08989794547833031,0.08244048412512443,0.08253507946271561
Acomys_minous,0.08679405034838998,0.11291994420626573,0.08720981022664805,0.07457217548599059,0.08964894044264243,0.07932915433791574,0.08412699110727315,0.070798475570175,0.07573290695173435,0.06667713270732173,0.082663311045401,0.08952710757024232
Ailuropoda_melanoleuca,0.0925556319679899,0.05340961873172674,0.058936030528927846,0.156470980531738,0.07568154505248224,0.08247695111073561,0.08375853129119452,0.056953401239221414,0.09572582339674363,0.06550782382686261,0.08465967067799915,0.09386399164437817
Akodon_montensis,0.07968438583535033,0.10222888176150868,0.09003031926782543,0.06655380883308334,0.08447199630292325,0.0813892785688564,0.08357245849213144,0.06155471892648667,0.11083735038095806,0.07750012164869863,0.08288958412272784,0.07928709585945003
Akodon_spegazzinii,0.07546305407211429,0.08048827576088913,0.07795988709734797,0.09222325871424496,0.07612554367275444,0.0828312677714816,0.0829983201886906,0.05315447841935178,0.15208388393645528,0.06586674431745382,0.08452735071371377,0.07627793533550228
Alcelaphus_buselaphus,0.06646976105110225,0.13144427776645368,0.0670188443109293,0.10082147842382669,0.06863678179010993,0.0754662943209692,0.0825209686496566,0.11030583631886728,0.058961323996258204,0.08847257435267364,0.08084250688933067,0.0690393521298225
Alces_alces,0.07375191123753928,0.10716060263037035,0.07714643602072666,0.06455567508180884,0.07444421549459197,0.08106639311196091,0.08327207705850101,0.06506413753469213,0.06797219833686098,0.14768361040667727,0.0787320312085591,0.07915071187771164
Alouatta_guariba,0.06608949964230354,0.05409645975337258,0.07319644674727308,0.04627170324868882,0.06830551718280836,0.09062514031542034,0.08198797799548349,0.08267294678068109,0.07669018883121546,0.20357376673515723,0.07885363157790984,0.07763672118968627
Alouatta_seniculus,0.06979587102805693,0.06883848281504248,0.082051145181476,0.06058912951736928,0.07364924061482692,0.08688087345161846,0.0823420092831554,0.05784297412102793,0.16653019312736791,0.09613194667843253,0.08402414338937207,0.07132399079225406
Anourosorex_squamipes,0.08479398977826817,0.06378712701034654,0.0826924995008295,0.09689628277455425,0.08497805503476441,0.08527371949707767,0.08336412385142307,0.08186689594678374,0.08630605759214036,0.0790550255862573,0.08435230754932196,0.08663391587823298
Anourosorex_yamashinai,0.08821736673880402,0.06719423960913631,0.09307868373851862,0.09168038129398808,0.09110862848052745,0.08484454123099439,0.08406339259552695,0.06543059767200017,0.07220152278024779,0.09032589788008527,0.08331390533124464,0.08854084264892646
Aotus_lemurinus,0.08864495073303372,0.06298483831610864,0.09881412565121012,0.07421982241495852,0.10207271114381156,0.08670245805963953,0.08435716201529177,0.06871685909563456,0.07415984953929577,0.07355833469363282,0.0846651462045694,0.10110374213281359
Aotus_nancymaae,0.07297332776174743,0.062314349202266965,0.07236452300335143,0.05679740512193053,0.07047781670469624,0.08812978972356861,0.08185801272815468,0.05707858141083731,0.22448613498675535,0.05211658853121464,0.08711621187008765,0.07428725895538905
Apodemus_argenteus,0.09013260592915985,0.08887614232352946,0.09247869549048954,0.08569327262327314,0.09251964213468994,0.08198449900803606,0.08434973206403695,0.06295821615157321,0.07123836676277648,0.07614039970759652,0.08303874663741691,0.09058968116742189
Apodemus_chevrieri,0.08808566214166223,0.10363471273765922,0.08382729594451735,0.09856798787636362,0.0851146102515722,0.07893417689537083,0.08423025753066017,0.06110798951279903,0.06799901110939799,0.0807213169380854,0.08191741098701773,0.0858595680748942
Apodemus_draco,0.08344904554164975,0.06737062240982432,0.09236358606352688,0.07395112452969907,0.08781352825836067,0.08633946833758073,0.08339929422170637,0.08480062745717183,0.07082999276449084,0.10274082422998015,0.08309003862435109,0.0838518475616583
Apodemus_flavicollis,0.061904847234689336,0.04926021711794843,0.06632879560189324,0.1259222931997139,0.06719814163559902,0.08681022721834859,0.08065040636888957,0.1812958901098382,0.05219025745990606,0.07945362593514105,0.08581708366623958,0.06316821445179298
Apodemus_latronum,0.08466797802715596,0.07248504736477836,0.08614350922244483,0.09939498925371351,0.08265110706081062,0.08350688898566573,0.0836744852790525,0.059788076606883976,0.0939750454874073,0.0898532522527728,0.08312067774074368,0.08073894271857068
Apodemus_peninsulae,0.08311508743422522,0.07789896890967976,0.08322189879205538,0.09136394569451771,0.08310050310874216,0.08326532809244516,0.08351801296950492,0.05855030198442669,0.1216428091783324,0.0666287586920058,0.08439302560343405,0.08330135954063068
Apodemus_speciosus,0.08381283804486651,0.07339416860260659,0.08303309445983753,0.0793974202310364,0.0814570016032297,0.08478972621992727,0.08332080969429372,0.058619838044828065,0.12783058200533245,0.07767482196493682,0.0841886190659362,0.08248108006316886
Arctocephalus_forsteri,0.08265751581394981,0.10464525966761148,0.08793661805649347,0.08753736937647787,0.08220128697121715,0.07960168416577623,0.0838802083456876,0.06421319355022521,0.06840703053588798,0.10014610752521602,0.08103024143030205,0.07774348456115523
Artibeus_cinereus,0.08903113620084402,0.07836135565484727,0.08960731453108159,0.07958135602057703,0.09054168650791072,0.0840889414265297,0.08402496773014183,0.06783444689850221,0.07467238243073024,0.08782886814499281,0.08308449921943378,0.09134304523440874
Artibeus_fimbriatus,0.05372692062859877,0.053811316123105774,0.05097263623248232,0.04949634550920754,0.055450133451394275,0.09354743403358366,0.07686316610100102,0.34197590503500763,0.03863550588345841,0.04474622892148106,0.09009995542629605,0.050674452654383625
Artibeus_glaucus,0.07792293891905894,0.06540903145594879,0.07557202319342937,0.0839427070960011,0.07590541881414684,0.08572432429215154,0.08271518065363397,0.05739154631484876,0.16646109700117256,0.06393511638681121,0.08558206785584224,0.07943854801695484
Artibeus_jamaicensis,0.0841212432998589,0.0720313614115116,0.08046081772399732,0.07875723515560032,0.08159656226941334,0.08549843063524544,0.08280119125357513,0.09666265712682777,0.10351305586354734,0.06709518587268413,0.08508515066044858,0.08237710872729007
Artibeus_lituratus,0.0879522979123303,0.08212006463046613,0.08976171996371717,0.07648273549448818,0.0907923110244831,0.08396297936928286,0.08369744900106939,0.08740038387114708,0.07189715287510348,0.0726605503665935,0.08395773710686583,0.08931461838445312
Artibeus_obscurus,0.08334161717059234,0.08304380254661967,0.08382417388726213,0.07862405196397429,0.08326734764778382,0.08342940988624865,0.08344955747098533,0.061471272983986094,0.12167394970028657,0.07009152193766688,0.084130450758665,0.08365284404592932
Artibeus_phaeotis,0.09149326018326207,0.08749014276395989,0.09076660157729906,0.07782374344577232,0.09272013501520082,0.08281156806173126,0.08422974526961775,0.06771230779283641,0.07475762615372253,0.0738156074091741,0.08338655388858889,0.09299270843883502
Artibeus_planirostris,0.07877118985768165,0.0738148124436547,0.07908477054421977,0.07395344252252631,0.08052462792340882,0.08626722642473485,0.08193010450787902,0.15182134356889138,0.06095144857744966,0.06943820111637208,0.08530085923022479,0.07814197328295694
Ateles_belzebuth,0.08878966005594839,0.06817823093225986,0.09726597590829139,0.08207404904350496,0.09429240735667396,0.08539016674490486,0.08404230186944274,0.07092110054812692,0.07631120065675666,0.0795213255544723,0.08403186250295419,0.0891817188266637
Ateles_geoffroyi,0.07277428637197482,0.06202913474515984,0.09126856477136894,0.11424058762748726,0.06251709176121258,0.08477136872741367,0.0817456012600408,0.1229858015918096,0.040415106679311474,0.14740084888131397,0.0807815942151567,0.039070013367750525
Avahi_laniger,0.07494225925235645,0.08722136357229161,0.08608151533180027,0.08232529810572636,0.08023629021729448,0.08351096276008017,0.08215907446708576,0.14257734349115914,0.05805519605450031,0.06898734066512197,0.08447948364361718,0.06942387243896621
Axis_porcinus,0.08391591402917199,0.0868406192566597,0.09164161950946562,0.08229802706200752,0.08947304257052496,0.08267331110464798,0.08388541613792665,0.07142959903046953,0.07549704293302721,0.0835805671080978,0.08296109256088942,0.08580374869711173
Balaena_mysticetus,0.08236372965982501,0.11130025520900663,0.08314390497432121,0.07355097222440311,0.08248643568836408,0.07962635143349679,0.08394038801005792,0.06082698420926565,0.06766990362788466,0.11012718640404587,0.08030318863966693,0.0846606999196622
Bandicota_indica,0.08798247547838449,0.06736576909181471,0.08291632429531025,0.10721529434705208,0.0744706239058327,0.0840246770533353,0.08287971964543255,0.08852604047614304,0.09207857779505083,0.08048970631346311,0.08404525883391807,0.068005532764263
Bison_bison,0.09079721632929837,0.09826567211314766,0.09015323205524683,0.08173384406931941,0.09196427094954061,0.08088854371951033,0.08436426617539858,0.06412320377465659,0.0726241526525416,0.07051606139179156,0.08294892043404484,0.09162061633550354
Blarina_brevicauda,0.06775507458069835,0.08551127143866562,0.06991244854138638,0.0749052076359351,0.07624815683023242,0.08436371292103807,0.08185783194363178,0.13026348798708964,0.08749427980037464,0.07681282581740648,0.08440029709880285,0.08047540540473863
Blarinella_griselda,0.0891285931381524,0.07766476773934854,0.09106721090286124,0.0967508789419221,0.08902033848100797,0.08292750500642852,0.08409240458288504,0.06595815663226581,0.07161299835898324,0.0826469053700915,0.08315293789742131,0.08597730294863226
Blarinella_quadraticauda,0.052609044817099326,0.059008891136945976,0.04544558626465016,0.03408815810451692,0.03766024384566441,0.09022738110838352,0.07922864020381096,0.03426900787428442,0.39664319078527455,0.03443859475123784,0.08962750159167471,0.0467537595164571
Bos_gaurus,0.07773830011543457,0.060692224323676845,0.08713039355319938,0.17653634004623858,0.08545705300160923,0.07984926889767338,0.0840911619921322,0.06267904798734002,0.0678076255034695,0.05683251608680316,0.08451822633070867,0.07666784216171442
Bos_javanicus,0.08433336013781793,0.0831521932604979,0.08301918138285395,0.08259835253119242,0.07851347658719514,0.08320445633586702,0.08361393613592576,0.06210296169859102,0.0667996147007202,0.13213569287239724,0.08036966973607192,0.08015710462086952
Bubalus_depressicornis,0.08543318845383785,0.059110665703168946,0.08464056044390951,0.0649038208395076,0.0876005808492702,0.08873398045074271,0.08257119813796317,0.12648739181746355,0.07400293575877159,0.07273515673173502,0.08568071966043207,0.08809980115319774
Callithrix_geoffroyi,0.15952683159429104,0.058732538488272965,0.08424661455633432,0.07438304206972968,0.07971443084217436,0.08697912285455833,0.0845999200676166,0.0738187832544745,0.07636289498690428,0.05039642553949219,0.08544083427050939,0.0857985614756423
Callithrix_jacchus,0.13610319222719885,0.05675520666833084,0.07792001937077087,0.13793878010709426,0.07554645847933246,0.08283425166688854,0.0846064184757672,0.06031491327128585,0.06513646388292828,0.05870169156901811,0.08439917209125498,0.07974343219012989
Callosciurus_erythraeus,0.07948985540381355,0.08954756389222424,0.08070891938712857,0.06869557257262372,0.08016343938903664,0.08392180844946569,0.08243281587504735,0.1221527346049083,0.07879551517727897,0.07208345460340335,0.08423735533129068,0.07777096531377892
Calomys_callosus,0.06009933214354195,0.07533274004296406,0.06097326952599422,0.09303395524800741,0.06260510575454639,0.08480058813903354,0.08052879510187298,0.1432532002645491,0.14686340693550948,0.04317696769597062,0.087119132865983,0.06221350628202716
Calomys_expulsus,0.07181633013280558,0.08152319941206476,0.07502506543503262,0.06392166525245513,0.07457858653618585,0.08507531916053926,0.08217274692604803,0.08289699666036532,0.15590053844296722,0.06571270127795172,0.08520165545140818,0.07617519531217624
Canis_aureus,0.08582930909877313,0.07932062567565354,0.08700486486211069,0.07455103076803209,0.08705241366682567,0.08436417102056873,0.08378998200300947,0.06837104839058561,0.07379993423545259,0.10458856580592188,0.08223001490749285,0.08909803956557372
Canis_latrans,0.05854405476156794,0.11025202763363913,0.06354184642938662,0.055188711442922825,0.05236385550670249,0.08130853683707162,0.0825458260171677,0.041512977430704506,0.04713909014302861,0.27172990017968235,0.07178997617096171,0.06408319744716459
Canis_lupus,0.08599263906020785,0.10456093921620979,0.08870152570760406,0.07401560449058131,0.08970845705967909,0.08052045500566338,0.08426720477513909,0.06090398535465412,0.06830524984973504,0.09091061821389876,0.08162188209839094,0.09049143916823651
Capra_aegagrus,0.07740837958129594,0.05870870882987471,0.08917117576123593,0.07103726868498074,0.08865632875187261,0.08832974905677182,0.08259892265199542,0.12220960782276206,0.06802572693035298,0.08406835403976326,0.0850097092795693,0.08477606860952515
Capra_cylindricornis,0.08711347650298723,0.059642465823753585,0.08903962532775252,0.07142617303138188,0.08568981994480196,0.08755823286753102,0.08348421820175965,0.07304196614229735,0.076103413751077445,0.11798083331554701,0.08255006691321892,0.08636970817789143
Capra_falconeri,0.08549899707480131,0.06823787663775144,0.09030582903964701,0.07959424868196714,0.09412339985576869,0.08585962942953065,0.08351156504041905,0.09162803010204812,0.09116775347258146,0.051340450616838854,0.08594818088457329,0.09278403916407306
Capra_sibirica,0.09051456066279646,0.0753117675334701,0.0890542564432735,0.09899102249687766,0.09138510311845965,0.08316498202669863,0.08413316832054864,0.06951662274268663,0.07574398519922403,0.06709790353619724,0.08413745442962557,0.09094917349014199
Capreolus_capreolus,0.07974032456936367,0.07435441044006212,0.07678862203860352,0.1167164908670198,0.07828872198217794,0.08211959946246113,0.08329707065463066,0.06277461735253774,0.11907412833555289,0.06285868676874153,0.08455183019810779,0.07943549733074132
Capreolus_pygargus,0.06615581168158963,0.05697059148903886,0.07883055791676358,0.09867818013603656,0.07627716443705444,0.08608121417564112,0.08286472480659612,0.05871666438277984,0.10700528959409014,0.1278465074222603,0.08212293251590418,0.07845036144224539
Capricornis_milneedwardsii,0.11002486823895091,0.09785748282703877,0.08822817630687294,0.07739284943864891,0.0878284609831583,0.08108419194387172,0.08464248128627387,0.05906458358439182,0.06807034727203921,0.07338278885982702,0.08257458698715944,0.08984918227176701
Carollia_castanea,0.07249885122919741,0.06838799362514275,0.06967183837373328,0.07506092625657701,0.07240399752853767,0.08715770671002308,0.0810854055352266,0.15733764814474405,0.09995619181017384,0.05727870422025857,0.0866052809149155,0.07255545565147035
Carollia_perspicillata,0.08051248805770629,0.08299353221451007,0.07742370008621995,0.0725303004286955,0.08362381925842682,0.08447635289471044,0.08282190956888431,0.10565928161034285,0.08756215546964778,0.06983717192802583,0.08451464946694112,0.08804463901588913
Carollia_sowelli,0.07013255961953478,0.071933518023418,0.0685580311729721,0.06190863048205783,0.07230613017075835,0.08829869801551311,0.08018861892909894,0.2183265906337778,0.0561341386699689,0.05524137576654169,0.08709022300125993,0.06988148551509853
Cavia_aperea,0.0825824688492318,0.08878379276647648,0.0804044451035416,0.0882645380534152,0.07909386500011213,0.08221976803500645,0.08310731517627153,0.08639327239500828,0.0897856310732532,0.07788224525898117,0.08339022756427507,0.07809243072442702
Cebus_albifrons,0.08365965082888166,0.10206547475691377,0.08164377608255469,0.06732153410850347,0.082123709087144,0.08139359547021317,0.08346762450847636,0.06116891675760124,0.12701736928821578,0.06277368303904035,0.0837596096921386,0.08360505638031697
Cephalophus_callipygus,0.0941006141220203,0.07917769068189738,0.09363772540050766,0.07622986070249518,0.09593997802520063,0.08414779353364372,0.0843033913161405,0.06993312017448848,0.07521386112522552,0.06753802471074163,0.08414400183008208,0.09563393837755704
Cercopithecus_mitis,0.08840344263587455,0.08072676461947478,0.09290378765224079,0.07888198382433077,0.09111735643389189,0.08373178414012007,0.08409921919531954,0.06559369675811441,0.07264542906307435,0.09002759535971833,0.08282055565904882,0.08904838465879181
Cervus_elaphus,0.08234805338471539,0.10132146790194609,0.08016751437340854,0.07595799953318695,0.08503145833821044,0.08128474888570017,0.08343846439140853,0.08990510715833169,0.07406619421698485,0.07527977402030273,0.0830045100235666,0.08819470777223815
Chimarrogale_himalayica,0.08899047375655027,0.0823169410124647,0.08371155641342605,0.0996492180919765,0.08304285658225341,0.08213246425347853,0.08382554837543915,0.06922311549237053,0.07226227376495103,0.08887374143451747,0.08260969213479781,0.08336211868777449
Chionomys_nivalis,0.08138830615992439,0.0964971891932879,0.08111008628272495,0.07203390637288394,0.08756499702228494,0.08238893750938583,0.08336019458561858,0.09854681409767141,0.06779417508093454,0.07473813488553792,0.08337677322632561,0.09120048558341991
Chionomys_roberti,0.08780175543708954,0.08121239711833514,0.08810390368189686,0.07127082049671471,0.0873072426886279,0.08422627707997499,0.08399009793350418,0.06173972200422567,0.0677971964987196,0.115222302759417,0.08146839708001231,0.08985988722148207
Chlorocebus_aethiops,0.08150833554498872,0.07919965472440861,0.0821991172978894,0.07672320575250467,0.08439943546307489,0.08480029027534079,0.08280332216650173,0.11454143890098767,0.07129028830851274,0.07407825215809177,0.08439003593138944,0.08406662347630953
Chlorocebus_cynosuros,0.08013306260378454,0.06430898249303071,0.08038114203741595,0.07058317411988763,0.08372522378347579,0.0879049052488832,0.081941386005865,0.15209350640385227,0.07047038396028833,0.05976745819234662,0.08637557483912858,0.08231520031204148
Chlorocebus_pygerythrus,0.08247478882103584,0.07968938753088009,0.08307726567731874,0.07620389129018323,0.08259244328598542,0.08472264901874303,0.0828161100632516,0.11180067902896565,0.06696099348712548,0.08483769248600595,0.08372022112302044,0.08110387818748446
Chlorocebus_sabaeus,0.08933702157600037,0.09863804913734393,0.08934157918321729,0.07824055203979081,0.09151420933781945,0.08114968491131262,0.08420165138244955,0.0688535614582009,0.07527901980083158,0.06896183147849562,0.08314031129951227,0.09134252839502549
Chlorocebus_tantalus,0.08854072146397113,0.11842712673235595,0.07132878610624936,0.07917844296299696,0.09372666164880954,0.07824502354267136,0.08466649638455735,0.06125006094413831,0.06708306444885523,0.06224322754316306,0.0824449935484483,0.11286539467378337
Chodsigoa_parca,0.09872539803667343,0.062938928785697,0.096853820960427,0.09261011597274785,0.0927179886548815,0.08536476246000814,0.08414498659276878,0.07258807391906502,0.07663232777242068,0.0658702320147459,0.08481421657868639,0.08673914825187826
Colobus_angolensis,0.08328390408714025,0.08089983250661506,0.10240501062150026,0.09336668346347936,0.099118831101273,0.08261113951668891,0.08441714011946182,0.06598944694286335,0.07159111643754396,0.06286387686291228,0.0841454549013613,0.08930756343916041
Condylura_cristata,0.08899330430935497,0.06900704801734225,0.08848025862671635,0.10916802424753166,0.09095565707062357,0.08337775254807545,0.08414325849018382,0.067224564259023,0.07387769558593954,0.07008200802825369,0.08414716269534564,0.09054326612161001
Cricetulus_kamensis,0.09152450057216815,0.0790023458482085,0.08552102997011422,0.07921208716580708,0.0779144333018378,0.08384508507782992,0.08346080819909202,0.055098856590588996,0.1195770352298881,0.0861173968752864,0.08327783848944098,0.07544858267973797
Cricetus_cricetus,0.0640253097848704,0.08765511803440476,0.1047783457303912,0.050807211531531324,0.08089517827913566,0.08447926411162547,0.08246178376144594,0.05456457205044576,0.19821633253788423,0.04975237998177224,0.08590413750956793,0.05646036668692517
Crocidura_attenuata,0.08178910765871425,0.062214003553575044,0.07924076966834774,0.09262463986294196,0.07752158680694723,0.08621489451031969,0.0823349764307376,0.11477261060769589,0.09025147314152068,0.07264946308798485,0.08523635013315721,0.07515012453805779
Crocidura_beatus,0.08957947044346028,0.08675958215039922,0.0880833717887112,0.08807581419286041,0.09061088444684222,0.08219524838860583,0.08423535657555127,0.06416554012668693,0.07155086769483876,0.07984458714893186,0.08294469650267905,0.09195458054043307
Crocidura_dsinezumi,0.08385317099274109,0.08072208367804937,0.09357477335260522,0.06540012815219974,0.08632579117427985,0.08496842933307043,0.08313417467938526,0.09130557846316226,0.0939237226913055,0.07449342832799016,0.084271873180943,0.07802684597426802
Crocidura_fuliginosa,0.06575758702567694,0.052389820899121815,0.06601201054445371,0.06024521646118504,0.06831080953766487,0.09157282441765034,0.07936975493993204,0.23536247465490986,0.07193140498976953,0.05558487778528795,0.08838057160931223,0.0650826471350358
Crocidura_grayi,0.07938481767584311,0.08807724457708485,0.08424216957303206,0.07178692498083071,0.08477265444021544,0.0835497744428098,0.08303203769278443,0.09273863527486081,0.09878589199505085,0.06599758818363487,0.08441334436570959,0.08321891679814339
Crocidura_lasiura,0.09072372710780234,0.07700838793005353,0.09102751530155942,0.07549616158401277,0.09344374231840571,0.08462534190684307,0.08399968618219336,0.07477244528527435,0.07936260215805602,0.07156901329235575,0.08416046890984717,0.09381090802359644
Crocidura_mindorus,0.07965565118404921,0.0639039267853486,0.08256697876018836,0.0702489572916686,0.0817856256875916,0.08767035647841184,0.0823743644593434,0.1232735026320429,0.06641636441439892,0.097090880907028,0.08404960650541389,0.08096378489451482
Crocidura_monticola,0.08794059709251083,0.08127260551523334,0.08204593614879872,0.09299724302279185,0.0821106779307953,0.08321389832376838,0.08306498650815333,0.10847253791398476,0.06612024078197168,0.06846878471741497,0.08423300092848539,0.08005949111609141
Crocidura_negrina,0.10376670287384782,0.09578373778302725,0.08346921540803173,0.07476671657259716,0.08069955665622969,0.08166130903379576,0.08424376230544373,0.05680206454722532,0.06494553468556152,0.10838018491278231,0.0808471979126599,0.08463401730879794
Crocidura_olivieri,0.07573408620472392,0.09260922028836147,0.07508104009126298,0.06573132548282419,0.08209974140488843,0.08297527563410373,0.0832218283141552,0.055439901418035856,0.1473028487400774,0.0651195974073918,0.08428553533327517,0.09039959968089978
Crocidura_orientalis,0.09493297401311501,0.07712708662950828,0.08920575178778911,0.07881713153607181,0.08886252168057034,0.08422622745383194,0.0841914676461061,0.06148866394400873,0.07008714454368334,0.09781060384594376,0.08245343315033468,0.09079699376903685
Crocidura_palawanensis,0.10600626381758686,0.06466154518872752,0.08584897538005061,0.11056984776737575,0.08674414014346336,0.08384888820124559,0.08421155892212795,0.06959767068319317,0.07457991562806987,0.06158780263849802,0.08465052656148564,0.08769286506817561
Crocidura_paradoxura,0.09008852749707587,0.0693237039645678,0.08910220773920959,0.0904191752621999,0.09056741308812175,0.0846545697658924,0.08406769623445187,0.06653721916768467,0.07305221291450101,0.08706865665160356,0.08340662979290832,0.09171198792178341
Crocidura_shantungensis,0.07174382823752914,0.05837700338072415,0.0748758076118172,0.05840849202935897,0.08171325588745468,0.08860152441871975,0.08278122008432812,0.05077989219998869,0.16782095225477406,0.08693522529398116,0.08499267864609081,0.09297011995523344
Crocidura_suaveolens,0.09001953071534252,0.07005197803381887,0.08919863556364181,0.10001390935625765,0.09154644088459164,0.08386944181355034,0.08413269153435274,0.0679408480704631,0.07431262360609524,0.07325253664757005,0.08402949579306893,0.09163186798124719
Crocidura_tanakae,0.08831047904253277,0.0927634941599527,0.08906202200095717,0.07433843598573359,0.09165549903193979,0.08238446009494889,0.08398861869130972,0.07510406777846947,0.0790374951420082,0.06795960921573639,0.08362976788514684,0.0917660509712644
Crocuta_crocuta,0.06481251919059741,0.05037858386457828,0.07092217293024466,0.09841060981358946,0.06469883909501856,0.08726409811863518,0.0825167374639609,0.061147177223124065,0.06336902734253859,0.20645726260868658,0.0779741016972895,0.07204887065173689
Cryptomys_hottentotus,0.08643167587254881,0.09506776491472486,0.0897155787739455,0.09499308297757109,0.08460604466435165,0.08043714534959301,0.08407664320130676,0.0619446923765188,0.06608571506377722,0.09493196765344637,0.08161041389989185,0.08009927525232417
Ctenomys_minutus,0.09158411910430243,0.0919224825665467,0.09021975218968901,0.08676943492419847,0.09191417901531576,0.08145268491651884,0.08440257506372445,0.06197667272810964,0.07104636780390618,0.07390764015675179,0.08297547477873303,0.09182861675220363
Ctenomys_pearsoni,0.08621765467481453,0.09340761510200003,0.09359619498755939,0.08471337376374433,0.09040528836112358,0.08139961055760817,0.0841975535687065,0.0637227623125478,0.07068989289677834,0.08347728341778451,0.08247536693826385,0.08569740341906892
Ctenomys_sociabilis,0.05908475259512917,0.03965175506795218,0.06269758336708658,0.048672735480457766,0.057102704022989476,0.09312785527220167,0.08030477364240114,0.12084305249422357,0.12284229610815298,0.16880271492343923,0.08220684383657326,0.06466293318939302
Ctenomys_torquatus,0.08248169530744369,0.051607756576427924,0.08234334050014956,0.08855986567482828,0.10499819034981914,0.08760717714249104,0.08442961924727464,0.06778663004414413,0.07081783929490747,0.07236058251209981,0.08519655465688931,0.12181074869352512
Cynomys_ludovicianus,0.081615155179462065,0.07484508470123374,0.08785908666051556,0.07138706676933505,0.09248799539638067,0.08561009070598152,0.0831661601119309,0.1015942296720635,0.09650756157848268,0.047310690726956824,0.0861258460751877,0.09149103242246974
Cynopterus_brachyotis,0.08429492675838889,0.070194415376886,0.078273584774191,0.09615188885758053,0.08004788573306063,0.08417437167601538,0.08361995474878633,0.05869764490909776,0.08318115149103773,0.11310681488572175,0.08195509430444203,0.08630226648479199
Cynopterus_sphinx,0.07833270360187161,0.08360593139970231,0.07994776786593416,0.08263314705147538,0.08003180521745089,0.08358619492525204,0.08280292058552183,0.09952560841561109,0.08402643542075088,0.08227391856417633,0.08362240136766061,0.07961116558459297
Dasypus_novemcinctus,0.06937289904758426,0.08340478492942123,0.06623118551227261,0.10921141626787267,0.07681418609235678,0.08150496704073892,0.08357943348998265,0.056361628558579104,0.05892138504952542,0.14290185956338042,0.07955610498626801,0.09214014946201793
Dasyurus_hallucatus,0.08826374852565999,0.04660282738481998,0.1027534144425909,0.10680433223133293,0.08341361063248497,0.08658140413200043,0.08361538407061132,0.054215603438321866,0.10454465134902728,0.09282264406481043,0.08406922639864518,0.06631315332969488
Daubentonia_madagascariensis,0.0617914235739717,0.27406499310860166,0.06603649026622427,0.051961072434138035,0.0704577012384663,0.05723311228481582,0.08384205294380158,0.07783545933261778,0.07343982053986484,0.037216458362012095,0.07700899516922632,0.06911242074625956
Delomys_dorsalis,0.07074941014106109,0.0668225104672262,0.07915580377685069,0.0611027512258292,0.0729258607466633,0.08716203295188892,0.08229081667249658,0.0576548336543085,0.1718244301373617,0.09290331938136795,0.08431936738748529,0.07308886345746055
Delphinus_capensis,0.08745249490442211,0.07853173338154015,0.08816567597352161,0.07423102068345967,0.08881905889217372,0.08449324649535349,0.08386016122371509,0.06964326303338289,0.07494317646836235,0.09662414410143007,0.08270404925717718,0.09053197558546179
Delphinus_delphis,0.06418399987986306,0.06289173732739176,0.06589560455293057,0.05928077122163605,0.07088537807350866,0.0893209726747422,0.08034954771597017,0.17005542608060975,0.12629161451669485,0.050091117966504985,0.08784944128033956,0.07290438870980834
Deltamys_kempi,0.06292379421939556,0.06774062533004091,0.08500122480247918,0.04896468421530626,0.06791116190892617,0.08773955723018499,0.08191935745299986,0.04609144691955545,0.19319847263311865,0.11464860067547382,0.08332365908146275,0.060537415531056335
Desmodus_rotundus,0.08005058974917952,0.10849052767082541,0.07650762370929065,0.07671228177189522,0.08438888023134156,0.08008632918451204,0.08370256026772852,0.0771877596414133,0.06710641798353595,0.09201158369623474,0.08159497924025416,0.09216046685378902
Dremomys_rufigenis,0.09201558175010807,0.08261666571403774,0.07934807589876865,0.07357310330344503,0.07943816941319798,0.08457706870783194,0.08268085393514431,0.12446037512937919,0.06173292275467146,0.0759308302505896,0.08409307187205475,0.0795332812707714
Dryomys_nitedula,0.12471628701317597,0.04784471755951915,0.03865691308695748,0.07474919038976001,0.023193605846986404,0.08953602220262935,0.08122466290715405,0.09128083239525658,0.05723416890703452,0.2501988527657266,0.07569250231793445,0.04567224460786554
Eidolon_dupreanum,0.07748704658777196,0.09614625376735947,0.0900167017455799,0.06458370423905944,0.08372587075405673,0.08260839793440837,0.08351539489864383,0.07081900638500906,0.07283718110890018,0.11731928630082307,0.08093690668475897,0.08000424959362895
Eidolon_helvum,0.08189854439670231,0.11442137039263826,0.07455290660788652,0.07746286548763537,0.08779637602682296,0.07898576051383974,0.08397268569263892,0.06517072786043027,0.09641208123364,0.057621798081503015,0.08320122846183872,0.09850365524442398
Eothenomys_chinensis,0.07092191932933037,0.05585396353011237,0.06966644839926625,0.10786072837321575,0.06671145970053424,0.08687592782100888,0.08095439247097087,0.16891740592779428,0.05473428834553218,0.09019035218288848,0.08490374541959712,0.06240936849974932
Eothenomys_custos,0.07815437287656357,0.070750120246468165,0.07795050817679074,0.09355429829823353,0.07805266714916503,0.08487273124803396,0.08262433694670243,0.10846583712133145,0.06656326545476735,0.09724593742261822,0.0833032589285976,0.07846266613072791
Eothenomys_melanogaster,0.087031555717979,0.0883376078615215,0.07588167731576859,0.09506441271338995,0.07475360580110647,0.08175329442045438,0.08318062116789364,0.08023859439992508,0.08468009038188352,0.08977505526457885,0.08255194020195104,0.0767515447535479
Eothenomys_miletus,0.0638003362762261,0.05973596391240188,0.05712222696061236,0.06996054512194573,0.0596582721821379,0.08838202925365446,0.08041261963228316,0.11034568376959415,0.21147854107501723,0.0448795434489327,0.0880919235518214,0.06613231481537286
Eozapus_setchuanus,0.09397140456696114,0.07647120927311363,0.0920243728589677,0.08811925179174981,0.08793641823111782,0.08365648482347823,0.0841459133884489,0.06349048327052521,0.06814103903301016,0.0942025272138933,0.08258362083535914,0.08525727471337494
Episoriculus_fumidus,0.08637461749519204,0.09587826244616235,0.09830860104156242,0.08768714372196047,0.09197728607648364,0.08069924298593434,0.08446638056494131,0.05676568419501849,0.06327840496157601,0.08871420797726975,0.08190325623762018,0.08394691229627892
Episoriculus_leucops,0.14604227452237298,0.03064584854469049,0.08590103620504987,0.06964791845095815,0.08396845460406542,0.0918488359835487,0.08378324261065563,0.09676203985986287,0.0919375088267289,0.04267127283550168,0.08777613416923537,0.08901543338732992
Episoriculus_macrurus,0.06884247717297495,0.06630278459462048,0.0752344151362328,0.07878415604008825,0.07181403485169191,0.08679280129998758,0.08154247093777858,0.12256511213726556,0.10904171869468014,0.08502947799605495,0.08487960759234112,0.0691709435462836
Epomophorus_gambianus,0.07373024899507358,0.08550985231996006,0.07826065409917222,0.0648360957151738,0.08702511488987112,0.0849396976288955,0.08263504937011704,0.12555968239680607,0.06119878471725512,0.08046549420493306,0.08402323750010186,0.09181608816264065
Epomops_buettikoferi,0.08827029303739382,0.11284875697045053,0.07517690216104059,0.09636071462001754,0.07277206539700147,0.07773343869784176,0.08392859724720439,0.05428980433021739,0.06011899145915371,0.12240687470541214,0.07912894212128187,0.07696461925298474
Epomops_franqueti,0.08098086317623006,0.0998067037466366,0.07750536430284824,0.07779292676806301,0.07756023772627714,0.08157762937399832,0.08269243385516514,0.106922173043448,0.08763114457124078,0.06715915581046436,0.0837803314556911,0.07659103616993715
Equus_hemionus,0.0760211853931321,0.07077010293109812,0.09294998173531123,0.10282169564110606,0.09843544347948321,0.08375265824879895,0.08393857931348517,0.08012306214612741,0.0793295691030757,0.05119131165737071,0.08546247414157726,0.09520393620943399
Equus_kiang,0.08881095893965174,0.0858210215351243,0.08981859963979417,0.07565833163705027,0.09245801292480463,0.0833320427728485,0.08395807037331561,0.07628609127871216,0.0801550831194589,0.0672431359882813,0.08400555353545913,0.09245309825549917
Equus_zebra,0.05499496346807768,0.3669187600764299,0.05424567413773299,0.016050676184014456,0.05823690814633482,0.04593970007033531,0.0839956634980337,0.06700657577338176,0.059454951153907226,0.0607466418390297,0.07150594855589007,0.060903537096832217
Erinaceus_europaeus,0.06374873122638476,0.0540193054149064,0.06344853942873264,0.04768712360492416,0.06337146284736815,0.0913190557907112,0.07992980440720483,0.1557211073200107,0.15893452871602753,0.0683417471682751,0.08749611495845329,0.06598247911700114
Eschrichtius_robustus,0.09422427689458039,0.07538272636467276,0.09263279210898687,0.07951652953550283,0.09423883071287932,0.08444009722726514,0.0843212769182519,0.06485811286693119,0.0734023558808409,0.07857014731406108,0.08362978197614303,0.09478307219988472
Euchoreutes_naso,0.039223887976068184,0.11461804330669945,0.058231216554727766,0.060275529853272794,0.04462028456918307,0.08214014240645826,0.07922295819293888,0.19663417339115408,0.034219875193629644,0.17465847396824738,0.07854368517044316,0.03761172941717732
Eudorcas_rufifrons,0.07928439961704294,0.1051644119549883,0.087920361150504,0.07039872535789173,0.08305603566335375,0.0807759525526343,0.08377318047830733,0.0638010369148595,0.06890161459319058,0.11563503203015482,0.0804042735916078,0.08088497609546512
Eulemur_rubriventer,0.082595137020109,0.1455790305094143,0.08338676873507973,0.07207421601976655,0.08600695738471194,0.07466113507679527,0.08416890113409949,0.06931764816509026,0.07362302535918057,0.061662466049579,0.08138950591666075,0.08553520862951322
Eulemur_rufus,0.08085647399743383,0.06333123041251698,0.09216998730314836,0.08612934494577108,0.08664557164423499,0.08593682055952036,0.08357311901237029,0.0702269426754793,0.0734400243089877,0.1125019416167038,0.08250806918973198,0.08268047433410133
Eumetopias_jubatus,0.08462291744116739,0.11758940720272354,0.08545576233553638,0.06642600643051182,0.08835524115739445,0.07930806991541321,0.0838984539170556,0.07687980028655451,0.07857858517655743,0.06736745004276574,0.08260267409370738,0.08891563200061246
Felis_silvestris,0.09345748718355429,0.07316300842819304,0.0925584905707882,0.07975760390138596,0.09439675300769151,0.0847915909761008,0.08423274012970691,0.0678125666697279,0.07542843065064296,0.07572485945345131,0.08394224347235088,0.0947342255564062
Galago_senegalensis,0.09203633253773524,0.07575165383792075,0.09417065188609652,0.08559333115596912,0.09443222088183216,0.08396393941057159,0.08428537961027903,0.06644009394831724,0.07435540343438514,0.07270994659738035,0.08390048098365405,0.09236056571585877
Galea_musteloides,0.07495866741802303,0.07015984262360615,0.07921238300871145,0.07234351750495163,0.07694293518391931,0.0867243454499896,0.08193284254567844,0.13139133373828388,0.07532506523310617,0.09229323425754082,0.08417800564902164,0.074537827387168007
Galemys_pyrenaicus,0.08102892258183843,0.08441875741930052,0.08907538797730934,0.10707992943566348,0.093001029051887,0.08129808119689219,0.08414310358386393,0.06999046223472484,0.07339992898926401,0.0613716355862242,0.08400113055982626,0.09119163138320589
Gazella_leptoceros,0.07915672896489859,0.09820235506739759,0.08069289254257432,0.12100021762713234,0.08445989482696943,0.07837160432676592,0.08382662595362818,0.07431616755367938,0.0760077984341494,0.0571526231146343,0.08349051120907676,0.08332258037909371
Gazella_subgutturosa,0.06537378910383485,0.06212662270436764,0.0850036814587975,0.08756508548393414,0.07833708312219986,0.08606713121865425,0.0832856399929129,0.05491722671561336,0.058425466554973375,0.1806592686201371,0.07879003766174572,0.07944896736282935
Genetta_pardina,0.0823601775842657,0.08869876031754427,0.08780867524528341,0.07705027515998512,0.08035178275763043,0.08272454729809463,0.083680353931109,0.06124100715351801,0.06641107731413326,0.13127962184664643,0.0802087265519872,0.07818499483980253
Genetta_servalina,0.0711669709125676,0.07546088940062022,0.07518712484334084,0.09026780000562011,0.06284025413990642,0.08407710672062885,0.08251312147654849,0.07043308050384454,0.06616088473031947,0.18097700514694204,0.07825472646757617,0.06266103565208542
Gerbilliscus_leucogaster,0.0853332600478883,0.059181326219167885,0.09469628186949834,0.06975154107810098,0.09331637626086725,0.08797167761514522,0.08333597621486145,0.09820679946437923,0.07365910357460985,0.08042698668934742,0.08488280842866533,0.0892378625374687
Gerbillus_gerbillus,0.07680012424642005,0.07041813708691048,0.07246318285785423,0.08410945141662232,0.07506768568396441,0.08627007155521013,0.08146470190088981,0.16470360198742862,0.0600684536160038,0.06888915124581452,0.0855433709218488,0.07420206748103282
Gerbillus_nanus,0.08622321128989925,0.08538270307750863,0.08712217397557065,0.07514693624965482,0.08703099198121322,0.08330561359175648,0.08382892525754694,0.061530905617830936,0.09575835687696824,0.08368362022253796,0.0831196227308697,0.08786693912864312
Gerbillus_tarabuli,0.08473300458682073,0.0808572623529043,0.08010377658410107,0.08223798531613104,0.07879098661246037,0.0835022198417966,0.08342059662605335,0.057822443996400935,0.11050179503792877,0.09351270794317187,0.08281059900814168,0.08170662209408922
Giraffa_camelopardalis,0.0892495135065045,0.08879090757745263,0.09013058765395691,0.07982254365088862,0.09255671417008764,0.08254561219373913,0.08408873651484593,0.0727814772723948,0.07830564722454494,0.06579969865675384,0.08383510430171277,0.09209345727711837
Glaucomys_sabrinus,0.06373168750518234,0.05979792658943915,0.06350770669063732,0.06095015102829262,0.06663302960687116,0.09076296259041564,0.07898255709970699,0.26223993539435675,0.04990190231909536,0.05280977117445923,0.08833103235703109,0.06235133764451245
Glirulus_japonicus,0.08062396476141984,0.0887666115438404,0.08177961930164394,0.08574457682298825,0.07931317438391795,0.08217812867979993,0.08336195458993909,0.066184031852705,0.09949413592143828,0.09088360170365235,0.08258395172489595,0.07908624871375913
Globicephala_macrorhynchus,0.08387635965196027,0.044646906560445364,0.0916600284128429,0.08250709492797675,0.09642184247587564,0.08932318633138087,0.08311284352100327,0.10512112476357555,0.10098847978396028,0.04024568346014378,0.08788947254114489,0.09420697756969038
Gracilinanus_agilis,0.08113542503476591,0.07325509079503838,0.07228562853130677,0.10651289840609973,0.07287361928674108,0.08338986717288051,0.08265789113298287,0.09189803742718097,0.09573235641055276,0.08122240666587964,0.08388449455923096,0.07515228457734037
Graomys_griseoflavus,0.08514223068788791,0.0811520015129437,0.10246580540134706,0.09713510195965949,0.09185407742938757,0.08221460502842977,0.0843236562360911,0.058583342220326025,0.06469959230029498,0.09075554398404508,0.0824345699646824,0.07923947327490499
